m <- 2

d <- 4
